tf.Tensor(
[[7.6650000e+02 7.5798999e+02 7.6454999e+02 1.9816160e+06 3.8029499e+01
  3.8325001e+01 3.7899502e+01 3.8227501e+01 3.9632320e+07 0.0000000e+00
  1.0000000e+00]
 [7.7121002e+02 7.6302002e+02 7.6812000e+02 2.5435510e+06 3.8317001e+01
  3.8560501e+01 3.8151001e+01 3.8405998e+01 5.0871020e+07 0.0000000e+00
  1.0000000e+00]
 [7.7121997e+02 7.6570001e+02 7.7000000e+02 2.0446290e+06 3.8529999e+01
  3.8561001e+01 3.8285000e+01 3.8500000e+01 4.0892580e+07 0.0000000e+00
  1.0000000e+00]
 [7.7439001e+02 7.6771002e+02 7.6865002e+02 2.7036290e+06 3.8561001e+01
  3.8719501e+01 3.8385502e+01 3.8432499e+01 5.4072580e+07 0.0000000e+00
  1.0000000e+00]
 [7.7050000e+02 7.5615997e+02 7.5889001e+02 3.1132400e+06 3.8299999e+01
  3.8525002e+01 3.7807999e+01 3.7944500e+01 6.2264800e+07 0.0000000e+00
  1.0000000e+00]
 [7.7050000e+02 7.5615997e+02 7.5889001e+02 3.1132400e+06 3.8299999e+01
  3.8525002e+01 3.7807999e+01 3.7944500e+01 6.2264800e+07 0.0000000e+00
  1.0000000e+00]
 [7.7050000e+02 7.5615997e+02 7.5889001e+02 3.1132400e+06 3.8299999e+01
  3.8525002e+01 3.7807999e+01 3.7944500e+01 6.2264800e+07 0.0000000e+00
  1.0000000e+00]
 [7.7050000e+02 7.5615997e+02 7.5889001e+02 3.1132400e+06 3.8299999e+01
  3.8525002e+01 3.7807999e+01 3.7944500e+01 6.2264800e+07 0.0000000e+00
  1.0000000e+00]
 [7.7050000e+02 7.5615997e+02 7.5889001e+02 3.1132400e+06 3.8299999e+01
  3.8525002e+01 3.7807999e+01 3.7944500e+01 6.2264800e+07 0.0000000e+00
  1.0000000e+00]
 [7.7050000e+02 7.5615997e+02 7.5889001e+02 3.1132400e+06 3.8299999e+01
  3.8525002e+01 3.7807999e+01 3.7944500e+01 6.2264800e+07 0.0000000e+00
  1.0000000e+00]
 [7.7050000e+02 7.5615997e+02 7.5889001e+02 3.1132400e+06 3.8299999e+01
  3.8525002e+01 3.7807999e+01 3.7944500e+01 6.2264800e+07 0.0000000e+00
  1.0000000e+00]
 [7.8085999e+02 7.6281000e+02 7.7825000e+02 5.4548360e+06 3.8441002e+01
  3.9042999e+01 3.8140499e+01 3.8912498e+01 1.0909672e+08 0.0000000e+00
  1.0000000e+00]
 [7.7025000e+02 7.6534003e+02 7.7000000e+02 2.4709230e+06 3.8432999e+01
  3.8512501e+01 3.8266998e+01 3.8500000e+01 4.9418460e+07 0.0000000e+00
  1.0000000e+00]
 [7.6148999e+02 7.4200000e+02 7.4500000e+02 4.3147230e+06 3.7967999e+01
  3.8074501e+01 3.7099998e+01 3.7250000e+01 8.6294464e+07 0.0000000e+00
  1.0000000e+00]
 [7.6809003e+02 7.5025000e+02 7.6200000e+02 4.6259460e+06 3.7528500e+01
  3.8404499e+01 3.7512501e+01 3.8099998e+01 9.2518920e+07 0.0000000e+00
  1.0000000e+00]
 [7.8675000e+02 7.7790002e+02 7.8650000e+02 1.8370680e+06 3.9018501e+01
  3.9337502e+01 3.8895000e+01 3.9325001e+01 3.6741360e+07 0.0000000e+00
  1.0000000e+00]
 [7.8034998e+02 7.6510999e+02 7.6600000e+02 4.6145740e+06 3.9000000e+01
  3.9017502e+01 3.8255501e+01 3.8299999e+01 9.2291480e+07 0.0000000e+00
  1.0000000e+00]
 [7.4987000e+02 7.3560999e+02 7.3988000e+02 3.6487910e+06 3.7324501e+01
  3.7493500e+01 3.6780499e+01 3.6993999e+01 7.2975824e+07 0.0000000e+00
  1.0000000e+00]
 [7.4326001e+02 7.2890002e+02 7.3572998e+02 6.6227840e+06 3.6950500e+01
  3.7162998e+01 3.6445000e+01 3.6786499e+01 1.3245568e+08 0.0000000e+00
  1.0000000e+00]
 [7.8773199e+02 7.7094000e+02 7.7164001e+02 5.9843540e+06 3.9246498e+01
  3.9386600e+01 3.8547001e+01 3.8582001e+01 1.1968708e+08 0.0000000e+00
  1.0000000e+00]
 [7.8475000e+02 7.6354999e+02 7.8392999e+02 5.0265040e+06 3.8278000e+01
  3.9237499e+01 3.8177502e+01 3.9196499e+01 1.0053008e+08 0.0000000e+00
  1.0000000e+00]
 [8.3179999e+02 8.2121002e+02 8.2900000e+02 3.0913870e+06 4.1464001e+01
  4.1590000e+01 4.1060501e+01 4.1450001e+01 6.1827740e+07 0.0000000e+00
  1.0000000e+00]
 [8.0775000e+02 8.0212000e+02 8.0313000e+02 2.3535110e+06 4.0287498e+01
  4.0387501e+01 4.0105999e+01 4.0156502e+01 4.7070220e+07 0.0000000e+00
  1.0000000e+00]
 [7.8947998e+02 7.7021997e+02 7.7403998e+02 3.7197880e+06 3.9443501e+01
  3.9473999e+01 3.8511002e+01 3.8702000e+01 7.4395760e+07 0.0000000e+00
  1.0000000e+00]
 [7.6521997e+02 7.5919897e+02 7.6440997e+02 1.8911160e+06 3.8231499e+01
  3.8261002e+01 3.7959949e+01 3.8220501e+01 3.7822320e+07 0.0000000e+00
  1.0000000e+00]
 [7.5335999e+02 7.3970001e+02 7.4597998e+02 7.6175800e+06 3.7630501e+01
  3.7667999e+01 3.6985001e+01 3.7299000e+01 1.5235160e+08 0.0000000e+00
  1.0000000e+00]
 [7.4609998e+02 7.3800000e+02 7.4014001e+02 3.4292170e+06 3.7290501e+01
  3.7305000e+01 3.6900002e+01 3.7007000e+01 6.8584336e+07 0.0000000e+00
  1.0000000e+00]
 [7.2131000e+02 7.1081000e+02 7.1350000e+02 3.6771620e+06 3.5700500e+01
  3.6065498e+01 3.5540501e+01 3.5674999e+01 7.3543240e+07 0.0000000e+00
  1.0000000e+00]
 [7.2422998e+02 7.1132001e+02 7.1233002e+02 3.6183230e+06 3.6139500e+01
  3.6211498e+01 3.5566002e+01 3.5616501e+01 7.2366464e+07 0.0000000e+00
  1.0000000e+00]
 [7.1900000e+02 7.0165002e+02 7.0578998e+02 7.3381960e+06 3.5661499e+01
  3.5950001e+01 3.5082500e+01 3.5289501e+01 1.4676392e+08 0.0000000e+00
  1.0000000e+00]], shape=(30, 11), dtype=float32)